# value chi2_total TT TE EE
8.000000000000000444e-01 3.567403937343973666e+03 1.340930380466165388e+03 1.207135413745472761e+03 1.354873723263780221e+03
9.000000000000000222e-01 9.311017049206917591e+02 3.462082827834344698e+02 3.212914697535226196e+02 3.570350969800294934e+02
9.499999999999999556e-01 3.421479347895152046e+02 1.275600051660220231e+02 1.170164869468375883e+02 1.298692162853584762e+02
9.799999999999999822e-01 1.841682488284668864e+02 7.032698235240903273e+01 5.979973278607445053e+01 6.562714276705453642e+01
9.809999999999999831e-01 1.812133603100761832e+02 6.929970972574942323e+01 5.867666892481630470e+01 6.432685279887384411e+01
9.819999999999999840e-01 1.784269902946883803e+02 6.831702831625345596e+01 5.759883727970513689e+01 6.310865715781662288e+01
9.829999999999999849e-01 1.758143995735531178e+02 6.741946629666203705e+01 5.657856526062005287e+01 6.193623260477957615e+01
9.839999999999999858e-01 1.732835148214926733e+02 6.654283987879750839e+01 5.559937692766366268e+01 6.079468665508125724e+01
9.849999999999999867e-01 1.709465649116252735e+02 6.572972305129978565e+01 5.467569214530998778e+01 5.973767790764716779e+01
9.859999999999999876e-01 1.687947290944296697e+02 6.496798254776923898e+01 5.382894178921574024e+01 5.874975134850222247e+01
9.869999999999999885e-01 1.667316946896500554e+02 6.426564909180669360e+01 5.300478559335469697e+01 5.777934419214248862e+01
9.879999999999999893e-01 1.648271422934041084e+02 6.368443620204891431e+01 5.219610368431983716e+01 5.684503443301892389e+01
9.889999999999999902e-01 1.630456710207411106e+02 6.308170064109478403e+01 5.146095412682286963e+01 5.598957376961737253e+01
9.899999999999999911e-01 1.612946811111981731e+02 6.247844903347576917e+01 5.077005258305344171e+01 5.513961489902251145e+01
9.909999999999999920e-01 1.599088848909886735e+02 6.205632940485660498e+01 5.013705652522397571e+01 5.441720696486575548e+01
9.919999999999999929e-01 1.584371129485211895e+02 6.154339695017354472e+01 4.954200123413120593e+01 5.367927787959959574e+01
9.929999999999999938e-01 1.572179595398832816e+02 6.114961975055630461e+01 4.900105394665514780e+01 5.303106349231954653e+01
9.939999999999999947e-01 1.561394223384112934e+02 6.082022368141069535e+01 4.850960973572495050e+01 5.241917528243499902e+01
9.949999999999999956e-01 1.552229401455151105e+02 6.053848600302566041e+01 4.807631198396816785e+01 5.187958747243433066e+01
9.959999999999999964e-01 1.543844268137411859e+02 6.031470497692814092e+01 4.765782457464877098e+01 5.135374637933323783e+01
9.969999999999999973e-01 1.538559244187656816e+02 6.021694095608864217e+01 4.731106439077407799e+01 5.094296123366156337e+01
9.979999999999999982e-01 1.533216133787106230e+02 6.008497712703203320e+01 4.700328438447741775e+01 5.053987414898895025e+01
9.989999999999999991e-01 1.528486523000086095e+02 5.993423160894410273e+01 4.674904330612660885e+01 5.017427677415731324e+01
1.000000000000000000e+00 1.527048585560555694e+02 5.998226249418289058e+01 4.654203450204463621e+01 4.990091082844168113e+01
1.000999999999999890e+00 1.526012429093446769e+02 6.001665077573647977e+01 4.637203721050324390e+01 4.965814038778827921e+01
1.002000000000000002e+00 1.526390622307951617e+02 6.009310627071906197e+01 4.626187895954858931e+01 4.946506212134286784e+01
1.003000000000000114e+00 1.526464336113063496e+02 6.017116944268515510e+01 4.617177465827511185e+01 4.923960401967956813e+01
1.004000000000000004e+00 1.529683347769457953e+02 6.036576572165397891e+01 4.615472597315519465e+01 4.914126411574159903e+01
1.004999999999999893e+00 1.534045956063448841e+02 6.059286108022574524e+01 4.617345902473511643e+01 4.909932839068124366e+01
1.006000000000000005e+00 1.539752607753412690e+02 6.087601402832873987e+01 4.624072469138993569e+01 4.909866679402352219e+01
1.007000000000000117e+00 1.546945170970193715e+02 6.121567057514923249e+01 4.635171407737560401e+01 4.915297933833723931e+01
1.008000000000000007e+00 1.555430716464941270e+02 6.160277851252112669e+01 4.651525588611470141e+01 4.925246170256392730e+01
1.008999999999999897e+00 1.566601227078952263e+02 6.209804548421535486e+01 4.672920712543094623e+01 4.945858126103652808e+01
1.010000000000000009e+00 1.577766952313707804e+02 6.258575274883171602e+01 4.697854683273376963e+01 4.965836870597078700e+01
1.011000000000000121e+00 1.590288673834777171e+02 6.312246526151809434e+01 4.728012330845174915e+01 4.990244104421377358e+01
1.012000000000000011e+00 1.603507245424668781e+02 6.371339482562331824e+01 4.759211182471641877e+01 5.016444790744724713e+01
1.012999999999999901e+00 1.618466220397436359e+02 6.433349547915524624e+01 4.797178634457556257e+01 5.051288572554111767e+01
1.014000000000000012e+00 1.634054148856919255e+02 6.496995360224354954e+01 4.842254876136686903e+01 5.086139431809426981e+01
1.015000000000000124e+00 1.651913454983682357e+02 6.571156227061744914e+01 4.889490007801733640e+01 5.130253737006239589e+01
1.016000000000000014e+00 1.670907817730017655e+02 6.648280922212369148e+01 4.941473560970065648e+01 5.179630489067201893e+01
1.016999999999999904e+00 1.691671819448658596e+02 6.733286426053300033e+01 4.999458971538465590e+01 5.233446049599931627e+01
1.018000000000000016e+00 1.714480029918261152e+02 6.826282842940780426e+01 5.058797702493038173e+01 5.298166681969983216e+01
1.019000000000000128e+00 1.736352673149096972e+02 6.913391655402081426e+01 5.126813380080967164e+01 5.354804659433487046e+01
1.020000000000000018e+00 1.759991086907270414e+02 7.012158221296638771e+01 5.192768313111799472e+01 5.418827225231343903e+01
1.050000000000000044e+00 3.074959382596540536e+02 1.212966529024266578e+02 9.277508189847347353e+01 9.589295636804685330e+01
1.100000000000000089e+00 7.584990480973341391e+02 2.922496325396093084e+02 2.405329819404331886e+02 2.494548155430926499e+02
1.199999999999999956e+00 2.384665594313124075e+03 8.973255349241601380e+02 7.855629506649809173e+02 8.181717464065538934e+02
