# value chi2_total TT TE EE
0.000000000000000000e+00 1.527048585560555694e+02 5.998226249418289058e+01 4.654203450204463621e+01 4.990091082844168113e+01
2.000000000000000000e+03 2.498913614295111256e+04 2.131750779041149508e+04 4.093972821331565228e+03 5.793492220991101021e+03
3.000000000000000000e+03 7.863703439785391311e+03 6.490284714152357992e+03 1.317601533269953052e+03 1.804744645715200704e+03
5.000000000000000000e+03 1.463507626723592011e+03 1.114096112516240510e+03 2.764728354840868860e+02 3.666330262670172715e+02
8.000000000000002728e+03 3.777802588307070550e+02 2.296612904015564141e+02 9.184266589452447249e+01 1.144567856331197930e+02
9.148238688663372159e+03 2.878005851190473550e+02 1.586892359250119284e+02 7.543414868499741033e+01 9.172173804597976243e+01
1.046128388809466378e+04 2.337891194248933857e+02 1.168519407512545598e+02 6.518295999570378285e+01 7.736379488861018672e+01
1.196279024976976871e+04 2.014511015145124020e+02 9.237852780236379147e+01 5.873596280615569043e+01 6.821193800543257169e+01
1.367980757341358913e+04 1.821078760625913162e+02 7.817462048437839428e+01 5.464266332828515971e+01 6.230853624829951087e+01
1.564326811207154424e+04 1.705309785038825794e+02 7.000258024997387452e+01 5.201217568136006975e+01 5.844651838565344804e+01
1.788854381999832185e+04 1.635878489530579429e+02 6.534980942417971050e+01 5.029754635926433082e+01 5.588012378446605055e+01
2.045608358224483527e+04 1.594086691568683989e+02 6.273601176383323264e+01 4.916212917669071913e+01 5.414630301943239488e+01
2.339214190570291976e+04 1.568798670755186606e+02 6.129418044840618052e+01 4.839762103732022069e+01 5.295529674386028773e+01
2.674961219905688995e+04 1.553388907307524107e+02 6.051946549524750196e+01 4.787410413102242046e+01 5.212388690521053292e+01
3.058897965326923077e+04 1.543914404977969070e+02 6.011973909774263092e+01 4.750969716952858590e+01 5.153473419429342073e+01
3.497941088884670171e+04 1.538025258260849171e+02 5.992719403788251498e+01 4.725213139004109308e+01 5.111157442988428556e+01
4.000000000000000728e+04 1.534317284888172424e+02 5.984630673446006455e+01 4.706754627596890117e+01 5.080403066779761900e+01
4.574119344331685716e+04 1.531948084063917008e+02 5.982334302203657472e+01 4.693364806463645778e+01 5.057825475365004309e+01
5.230641944047319703e+04 1.530409533049483173e+02 5.982856581237233939e+01 4.683550555906960255e+01 5.041111063526149394e+01
5.981395124884883262e+04 1.529392976175312242e+02 5.984590128989901814e+01 4.676294414049709047e+01 5.028651907491718021e+01
6.839903786706793471e+04 1.528709264503600309e+02 5.986696812979700155e+01 4.670891272114851489e+01 5.019313020853282836e+01
7.821634056035755202e+04 1.528241238976168290e+02 5.988764926384788367e+01 4.666844696891048017e+01 5.012281916706609053e+01
8.944271909999160562e+04 1.527915410467084314e+02 5.990613922487418108e+01 4.663800120482329703e+01 5.006969757948278499e+01
1.022804179112241545e+05 1.527685012044580048e+02 5.992184376293445780e+01 4.661501076929635445e+01 5.002945272390708453e+01
1.169607095285145770e+05 1.527519801837196098e+02 5.993476882926089644e+01 4.659760035518117149e+01 4.999889793184507170e+01
1.337480609952844388e+05 1.527399885119470184e+02 5.994518842612315268e+01 4.658438617696052830e+01 4.997566146235194395e+01
1.529448982663461356e+05 1.527311939194867136e+02 5.995346976166256070e+01 4.657433945956942978e+01 4.995796772822446741e+01
1.748970544442334794e+05 1.527246882446731320e+02 5.995998589887199870e+01 4.656669069859849230e+01 4.994448120948799641e+01
2.000000000000000291e+05 1.527198417313826724e+02 5.996507609547766293e+01 4.656086151236065263e+01 4.993419365567520174e+01
5.000000000000000000e+05 1.527071767540328153e+02 5.997944672550192990e+01 4.654503450886110727e+01 4.990622012980777811e+01
1.000000000000000000e+06 1.527054352799236199e+02 5.998155619662944105e+01 4.654278406388971234e+01 4.990223758405538490e+01
